      396.007      396.037      396.066      396.096      396.126      396.156
      396.185      396.215      396.245      396.275      396.304      396.334
      396.364      396.393      396.423      396.453      396.482      396.512
      396.542      396.572      396.601      396.631      396.661      396.690
      396.720      396.750      396.779      396.809      396.839      396.868
      396.898      396.928      396.957      396.987      397.017      397.046
      397.076      397.106      397.135      397.165      397.195      397.224
      397.254      397.284      397.313      397.343      397.373      397.402
      397.432      397.461      397.491      397.521      397.550      397.580
      397.610      397.639      397.669      397.698      397.728      397.758
      397.787      397.817      397.847      397.876      397.906      397.935
      397.965      397.994      398.024      398.054      398.083      398.113
      398.142      398.172      398.202      398.231      398.261      398.290
      398.320      398.349      398.379      398.409      398.438      398.468
      398.497      398.527      398.556      398.586      398.615      398.645
      398.675      398.704      398.734      398.763      398.793      398.822
      398.852      398.881      398.911      398.940      398.970      398.999
      399.029      399.058      399.088      399.117      399.147      399.176
      399.206      399.235      399.265      399.294      399.324      399.353
      399.383      399.412      399.442      399.471      399.501      399.530
      399.560      399.589      399.619      399.648      399.678      399.707
      399.737      399.766      399.796      399.825      399.855      399.884
      399.913      399.943      399.972      400.002      400.031      400.061
      400.090      400.120      400.149      400.178      400.208      400.237
      400.267      400.296      400.326      400.355      400.384      400.414
      400.443      400.473      400.502      400.532      400.561      400.590
      400.620      400.649      400.679      400.708      400.737      400.767
      400.796      400.826      400.855      400.884      400.914      400.943
      400.972      401.002      401.031      401.061      401.090      401.119
      401.149      401.178      401.207      401.237      401.266      401.295
      401.325      401.354      401.383      401.413      401.442      401.471
      401.501      401.530      401.560      401.589      401.618      401.647
      401.677      401.706      401.735      401.765      401.794      401.823
      401.853      401.882      401.911      401.941      401.970      401.999
      402.029      402.058      402.087      402.116      402.146      402.175
      402.204      402.234      402.263      402.292      402.321      402.351
      402.380      402.409      402.439      402.468      402.497      402.526
      402.556      402.585      402.614      402.643      402.673      402.702
      402.731      402.760      402.790      402.819      402.848      402.877
      402.907      402.936      402.965      402.994      403.023      403.053
      403.082      403.111      403.140      403.170      403.199      403.228
      403.257      403.286      403.316      403.345      403.374      403.403
      403.432      403.462      403.491      403.520      403.549      403.578
      403.608      403.637      403.666      403.695      403.724      403.753
      403.783      403.812      403.841      403.870      403.899      403.928
      403.958      403.987      404.016      404.045      404.074      404.103
      404.132      404.162      404.191      404.220      404.249      404.278
      404.307      404.336      404.366      404.395      404.424      404.453
      404.482      404.511      404.540      404.569      404.598      404.628
      404.657      404.686      404.715      404.744      404.773      404.802
      404.831      404.860      404.889      404.918      404.948      404.977
      405.006      405.035      405.064      405.093      405.122      405.151
      405.180      405.209      405.238      405.267      405.296      405.325
      405.354      405.384      405.413      405.442      405.471      405.500
      405.529      405.558      405.587      405.616      405.645      405.674
      405.703      405.732      405.761      405.790      405.819      405.848
      405.877      405.906      405.935      405.964      405.993      406.022
      406.051      406.080      406.109      406.138      406.167      406.196
      406.225      406.254      406.283      406.312      406.341      406.370
      406.399      406.428      406.457      406.486      406.515      406.544
      406.573      406.602      406.631      406.660      406.688      406.717
      406.746      406.775      406.804      406.833      406.862      406.891
      406.920      406.949      406.978      407.007      407.036      407.065
      407.094      407.122      407.151      407.180      407.209      407.238
      407.267      407.296      407.325      407.354      407.383      407.412
      407.440      407.469      407.498      407.527      407.556      407.585
      407.614      407.643      407.672      407.700      407.729      407.758
      407.787      407.816      407.845      407.874      407.903      407.931
      407.960      407.989      408.018      408.047      408.076      408.104
      408.133      408.162      408.191      408.220      408.249      408.277
      408.306      408.335      408.364      408.393      408.422      408.450
      408.479      408.508      408.537      408.566      408.595      408.623
      408.652      408.681      408.710      408.739      408.767      408.796
      408.825      408.854      408.883      408.911      408.940      408.969
      408.998      409.026      409.055      409.084      409.113      409.142
      409.170      409.199      409.228      409.257      409.285      409.314
      409.343      409.372      409.400      409.429      409.458      409.487
      409.515      409.544      409.573      409.602      409.630      409.659
      409.688      409.716      409.745      409.774      409.803      409.831
      409.860      409.889      409.917      409.946      409.975      410.004
      410.032      410.061      410.090      410.118      410.147      410.176
      410.204      410.233      410.262      410.290      410.319      410.348
      410.376      410.405      410.434      410.462      410.491      410.520
      410.548      410.577      410.606      410.634      410.663      410.692
      410.720      410.749      410.778      410.806      410.835      410.864
      410.892      410.921
  1.27784e+17  1.41235e+17  1.36499e+17  1.65520e+17  2.94078e+17  2.47955e+17
  2.09175e+17  1.96028e+17  2.53559e+17  2.91251e+17  4.02872e+17  3.26461e+17
  4.78971e+17  4.03036e+17  5.44995e+17  7.58106e+17  6.91714e+17  7.72913e+17
  1.02986e+18  1.22160e+18  1.49467e+18  1.72355e+18  2.14819e+18  2.58069e+18
  3.20965e+18  4.19264e+18  5.20337e+18  6.56635e+18  8.25861e+18  9.40916e+18
  1.03103e+19  9.88260e+18  8.43634e+18  7.08551e+18  5.76383e+18  4.67131e+18
  3.83440e+18  2.85681e+18  2.50776e+18  2.01163e+18  1.76607e+18  1.34368e+18
  1.16359e+18  1.02638e+18  7.97946e+17  5.53884e+17  6.24799e+17  5.14414e+17
  4.83600e+17  4.90013e+17  2.85602e+17  3.41645e+17  3.73966e+17  2.79269e+17
  2.63776e+17  3.33629e+17  2.32976e+17  2.80239e+17  2.32215e+17  1.62924e+17
  1.94228e+17  1.04812e+17  1.73093e+17  2.13344e+17  1.11481e+17  2.17777e+17
  1.73177e+17  9.13521e+16  1.54809e+17  1.47949e+17  6.96551e+16  1.01871e+17
  8.26524e+16  8.77372e+16  8.38651e+16  1.19144e+17  8.24118e+16  1.55452e+17
  1.94583e+17  9.21695e+16  1.66305e+17  1.49273e+17  1.00135e+17  1.73732e+17
  1.14404e+17  1.50481e+17  9.66609e+16  1.22307e+17  1.74506e+17  9.43784e+16
  9.93365e+16  7.26504e+16  1.54403e+17  1.13232e+17  5.52263e+16  9.24148e+16
  1.19282e+17  7.25857e+16  1.57453e+17  7.05534e+16  7.79165e+16  8.02258e+16
  7.50205e+16  1.12246e+17  8.29384e+16  4.13682e+16  8.41918e+16  5.68243e+16
  1.41344e+17  6.80692e+16  7.20353e+16  1.80601e+17  2.02361e+17  1.42609e+17
  1.06633e+17  3.84631e+17  5.48633e+18  2.14521e+19  3.27951e+19  2.38742e+19
  8.10946e+18  1.30427e+18  2.73771e+17  1.48380e+17  1.36858e+17  1.32571e+17
  1.40285e+17  3.99759e+16  1.02029e+17  2.33542e+17  3.37110e+17  3.77490e+17
  1.75757e+17  1.02315e+17  1.18155e+17  1.05980e+17  1.20089e+17  1.22567e+17
  1.37222e+17  1.15329e+17  9.59199e+16  1.39114e+17  5.39178e+16  9.54852e+16
  5.94686e+16  1.40052e+17  3.14788e+17  4.46680e+17  3.41254e+17  1.96715e+17
  9.01246e+16  1.26560e+17  5.33277e+16  1.02868e+17  7.72383e+16  6.91420e+16
  1.04685e+17  4.13899e+16  4.27913e+16  9.34431e+16  7.37854e+16  9.60686e+16
  7.06747e+16  3.59971e+16  1.10671e+17  1.28392e+17  6.72895e+16  1.23585e+17
  3.84930e+16  1.23759e+17  4.75465e+16  8.85009e+16  1.44800e+17  4.43930e+16
  1.12472e+17  1.22015e+17  4.05719e+16  1.27000e+17  5.29037e+16  5.90271e+16
  8.93740e+16  9.05567e+16  8.13970e+16  1.50767e+17  8.03998e+16  9.05583e+16
  8.83727e+16  9.10026e+16  1.08688e+17  1.41403e+17  6.14554e+16  4.98437e+16
  3.07341e+16  6.21903e+16  6.77213e+16  9.65670e+16  1.37165e+16  8.65464e+16
  1.30029e+17  8.20038e+16  6.76405e+16  1.43779e+17  1.16286e+17  1.10874e+16
  1.94197e+16  7.14745e+16  8.12004e+16  4.92598e+16  8.45736e+16  9.34568e+16
  7.46246e+16  7.37611e+16  3.57489e+16  9.38971e+16  1.05881e+17  7.96400e+16
  9.76562e+16  8.58006e+16  2.07285e+17  2.52081e+17  1.93025e+17  2.69517e+17
  4.23101e+17  8.50727e+17  9.62878e+17  5.98806e+17  2.20994e+17  5.16997e+16
  1.13016e+17  8.67546e+16  1.27038e+17  8.59074e+16  2.92634e+16  5.52429e+16
  6.88641e+16  6.30038e+16  7.27433e+16  1.26015e+17  6.95202e+16  7.92954e+16
  9.55905e+16  1.16467e+17  4.62272e+16  1.04251e+17  5.28190e+16  4.96002e+16
  5.42159e+16  9.34912e+16  1.43961e+16  8.90728e+16  6.03069e+16  6.49489e+16
  1.31968e+17  5.95259e+17  1.43583e+18  1.62209e+18  8.36398e+17  2.31052e+17
  9.41505e+16  8.09895e+16  9.08643e+16  1.11263e+17  5.26573e+16  9.60705e+16
  9.93221e+16  8.87566e+16  4.79685e+16  8.07748e+16  1.21410e+17  1.66572e+17
  8.97742e+16  1.13272e+17  7.26146e+16  1.19609e+17  9.31174e+17  3.11837e+18
  4.37322e+18  2.90394e+18  9.25611e+17  2.48231e+17  6.49177e+16  7.78248e+16
  6.62813e+17  1.40787e+18  1.42790e+18  7.30108e+17  2.96309e+17  3.43150e+17
  3.63506e+17  2.05448e+17  1.34511e+17  1.23491e+17  4.62815e+16  5.65351e+16
  1.07876e+17  1.16812e+17  9.11003e+16  1.05174e+17  7.05199e+16  8.84439e+16
  8.07320e+16  7.81517e+16  7.30134e+16  1.16548e+17  7.93971e+16  8.25920e+16
  1.06276e+17  4.48142e+16  8.57874e+16  6.72231e+16  3.77746e+16  6.33881e+16
  8.77247e+16  3.84225e+16  1.28085e+17  1.26814e+17  1.38354e+17  5.95733e+16
  1.01217e+17  5.63768e+16  7.11141e+16  1.16603e+17  1.17244e+17  1.28774e+17
  9.28932e+16  1.08904e+17  9.60859e+16  6.21310e+16  1.48590e+17  2.63210e+17
  4.00859e+17  3.38708e+17  2.17031e+17  2.95102e+17  1.91377e+17  1.35036e+17
  9.47056e+16  6.39825e+16  1.19633e+17  1.02348e+17  7.67527e+16  4.98840e+16
  8.95267e+16  9.14371e+16  1.15726e+17  9.58989e+16  9.65328e+16  6.71226e+16
  8.43804e+16  7.47908e+16  1.11867e+17  1.56618e+17  6.64855e+16  6.77684e+16
  8.63164e+16  9.78361e+16  1.20873e+17  1.01064e+17  2.04727e+16  6.07920e+16
  9.53722e+16  5.37827e+16  7.68580e+16  6.53534e+16  4.67917e+16  5.25843e+16
  1.24468e+17  1.02068e+17  6.74430e+16  9.96221e+16  8.10380e+16  7.91648e+16
  1.45564e+17  5.86563e+16  1.12242e+17  1.59453e+17  9.36772e+16  1.00859e+17
  1.21635e+17  5.24428e+16  8.74616e+16  8.29766e+16  1.21939e+17  1.29136e+17
  4.56383e+17  4.72122e+17  4.55360e+17  2.73533e+17  9.42249e+16  1.16983e+17
  1.39094e+17  7.99532e+16  8.64602e+16  1.17024e+17  1.15085e+17  1.19651e+17
  1.68450e+17  1.72390e+17  1.49012e+17  2.84457e+17  1.44568e+17  9.31709e+16
  1.62332e+17  6.78474e+16  6.65925e+16  1.41134e+17  1.33409e+17  1.08658e+17
  1.23177e+17  7.73905e+16  1.25396e+17  2.02421e+17  1.83556e+17  1.25794e+17
  1.79332e+17  2.33641e+17  3.27702e+17  4.51711e+17  4.03832e+17  2.27955e+17
  2.15567e+17  1.26803e+17  1.71434e+17  7.38197e+16  1.12485e+17  1.16570e+17
  1.07326e+17  1.64107e+17  1.26169e+17  9.61910e+16  1.42370e+17  9.36299e+16
  2.44906e+17  1.70715e+17  1.81508e+17  2.23795e+17  1.44111e+17  1.60919e+17
  1.36818e+17  2.16006e+17  1.18086e+17  1.37560e+17  1.22135e+17  1.57034e+17
  1.93266e+17  1.85197e+17  1.79804e+17  1.87817e+17  1.38815e+17  1.77654e+17
  2.19809e+17  1.80867e+17  1.88821e+17  2.52980e+17  2.60882e+17  2.78131e+17
  2.88678e+17  2.77842e+17  3.11743e+17  3.34939e+17  4.45480e+17  5.52597e+17
  6.08999e+17  6.90691e+17  8.79556e+17  9.16589e+17  1.16263e+18  3.22587e+18
  9.68424e+18  1.68364e+19  1.63197e+19  9.62942e+18  4.71832e+18  3.86641e+18
  4.80545e+18  6.17834e+18  8.32955e+18  1.11998e+19  1.51668e+19  2.03740e+19
  2.54220e+19  2.70845e+19  2.46974e+19  1.96260e+19  1.48547e+19  1.10196e+19
  8.25818e+18  6.27016e+18  5.93224e+18  7.77655e+18  9.89702e+18  9.39372e+18
  6.21190e+18  3.00918e+18  1.58623e+18  1.21516e+18  9.05544e+17  8.81520e+17
  7.36899e+17  6.34196e+17  5.02464e+17  5.35184e+17  4.54562e+17  4.26184e+17
  3.57055e+17  3.69711e+17  3.12945e+17  3.61780e+17  2.64996e+17  2.98907e+17
  2.51028e+17  3.09698e+17
